20 20
1.902500000000 -19 -2 13 14 0
1.880650000000 -11 -7 2 3 0
1.930050000000 -19 3 9 13 14 20 0
1.877800000000 -12 -7 -5 -1 0
1.947150000000 -17 -12 -11 -8 -1 2 15 18 19 0
1.726750000000 -20 19 0
1.942400000000 -14 -12 -3 4 9 13 19 0
1.934800000000 -18 -17 -1 7 16 19 0
1.945250000000 -18 -8 -7 5 9 19 20 0
1.471200000000 -3 0
1.902500000000 -19 -2 13 14 0
1.880650000000 -11 -7 2 3 0
1.930050000000 -19 3 9 13 14 20 0
1.877800000000 -12 -7 -5 -1 0
1.947150000000 -17 -12 -11 -8 -1 2 15 18 19 0
1.726750000000 -20 19 0
1.942400000000 -14 -12 -3 4 9 13 19 0
1.934800000000 -18 -17 -1 7 16 19 0
1.945250000000 -18 -8 -7 5 9 19 20 0
1.471200000000 -3 0
