c weights 0.0000000000000000000000000 0.0000000000000000000000000 0.0000000000000000000000000 0.0000000000000000000000000 0.0000000000000000000000000 0.0000000000000000000000000 0.0000000000000000000000000 0.0000000000000000000000000 0.0000000000000000000000000 0.0000000000000000000000000 0.0000000000000000000000000 0.0000000000000000000000000 0.0000000000000000000000000 0.0000000000000000000000000 0.0000000000000000000000000 0.0000000000000000000000000 0.0000000000000000000000000 0.0000000000000000000000000 0.0000000000000000000000000 0.0000000000000000000000000 0.0000000000000000000000000 0.0000000000000000000000000 0.0000000000000000000000000 0.0000000000000000000000000 0.0000000000000000000000000 0.0000000000000000000000000 0.0000000000000000000000000 0.0000000000000000000000000 0.0000000000000000000000000 0.0000000000000000000000000 0.0000000000000000000000000 0.0000000000000000000000000 0.0000000000000000000000000 0.0000000000000000000000000 0.0000000000000000000000000 0.0000000000000000000000000 0.0000000000000000000000000 0.0000000000000000000000000 0.0000000000000000000000000 0.0000000000000000000000000 1.9025000000000000799360578 0.0000000000000000000000000 1.8806499999999999328537115 0.0000000000000000000000000 1.9300500000000000433431069 0.0000000000000000000000000 1.8777999999999999136690576 0.0000000000000000000000000 1.9471499999999999364064251 0.0000000000000000000000000 1.7267500000000000071054274 0.0000000000000000000000000 1.9423999999999999044320020 0.0000000000000000000000000 1.9348000000000000753175300 0.0000000000000000000000000 1.9452499999999999236166559 0.0000000000000000000000000 1.4712000000000000632383035 0.0000000000000000000000000 1.9025000000000000799360578 0.0000000000000000000000000 1.8806499999999999328537115 0.0000000000000000000000000 1.9300500000000000433431069 0.0000000000000000000000000 1.8777999999999999136690576 0.0000000000000000000000000 1.9471499999999999364064251 0.0000000000000000000000000 1.7267500000000000071054274 0.0000000000000000000000000 1.9423999999999999044320020 0.0000000000000000000000000 1.9348000000000000753175300 0.0000000000000000000000000 1.9452499999999999236166559 0.0000000000000000000000000 1.4712000000000000632383035 0.0000000000000000000000000
p cnf 40 124
-21 -19 -2 13 14 0
19 21 0
2 21 0
-13 21 0
-14 21 0
-22 -11 -7 2 3 0
11 22 0
7 22 0
-2 22 0
-3 22 0
-23 -19 3 9 13 14 20 0
19 23 0
-3 23 0
-9 23 0
-13 23 0
-14 23 0
-20 23 0
-24 -12 -7 -5 -1 0
12 24 0
7 24 0
5 24 0
1 24 0
-25 -17 -12 -11 -8 -1 2 15 18 19 0
17 25 0
12 25 0
11 25 0
8 25 0
1 25 0
-2 25 0
-15 25 0
-18 25 0
-19 25 0
-26 -20 19 0
20 26 0
-19 26 0
-27 -14 -12 -3 4 9 13 19 0
14 27 0
12 27 0
3 27 0
-4 27 0
-9 27 0
-13 27 0
-19 27 0
-28 -18 -17 -1 7 16 19 0
18 28 0
17 28 0
1 28 0
-7 28 0
-16 28 0
-19 28 0
-29 -18 -8 -7 5 9 19 20 0
18 29 0
8 29 0
7 29 0
-5 29 0
-9 29 0
-19 29 0
-20 29 0
-30 -3 0
3 30 0
-31 -19 -2 13 14 0
19 31 0
2 31 0
-13 31 0
-14 31 0
-32 -11 -7 2 3 0
11 32 0
7 32 0
-2 32 0
-3 32 0
-33 -19 3 9 13 14 20 0
19 33 0
-3 33 0
-9 33 0
-13 33 0
-14 33 0
-20 33 0
-34 -12 -7 -5 -1 0
12 34 0
7 34 0
5 34 0
1 34 0
-35 -17 -12 -11 -8 -1 2 15 18 19 0
17 35 0
12 35 0
11 35 0
8 35 0
1 35 0
-2 35 0
-15 35 0
-18 35 0
-19 35 0
-36 -20 19 0
20 36 0
-19 36 0
-37 -14 -12 -3 4 9 13 19 0
14 37 0
12 37 0
3 37 0
-4 37 0
-9 37 0
-13 37 0
-19 37 0
-38 -18 -17 -1 7 16 19 0
18 38 0
17 38 0
1 38 0
-7 38 0
-16 38 0
-19 38 0
-39 -18 -8 -7 5 9 19 20 0
18 39 0
8 39 0
7 39 0
-5 39 0
-9 39 0
-19 39 0
-20 39 0
-40 -3 0
3 40 0
12 0
7 0
5 0
1 0
