20 20
0.621470366611 -19 -2 13 14 0
0.426963256545 -11 -7 2 3 0
0.798976839219 -19 3 9 13 14 20 0
0.370644165273 -12 -7 -5 -1 0
0.970089411232 -17 -12 -11 -8 -1 2 15 18 19 0
0.097428760720 -20 19 0
0.923531894164 -14 -12 -3 4 9 13 19 0
0.856750329596 -18 -17 -1 7 16 19 0
0.960908244195 -18 -8 -7 5 9 19 20 0
0.039119459550 -3 0
0.621470366611 -19 -2 13 14 0
0.426963256545 -11 -7 2 3 0
0.798976839219 -19 3 9 13 14 20 0
0.370644165273 -12 -7 -5 -1 0
0.970089411232 -17 -12 -11 -8 -1 2 15 18 19 0
0.097428760720 -20 19 0
0.923531894164 -14 -12 -3 4 9 13 19 0
0.856750329596 -18 -17 -1 7 16 19 0
0.960908244195 -18 -8 -7 5 9 19 20 0
0.039119459550 -3 0
