20 20
1.000000000000 -19 -2 13 14 0
1.000000000000 -11 -7 2 3 0
1.000000000000 -19 3 9 13 14 20 0
1.000000000000 -12 -7 -5 -1 0
1.000000000000 -17 -12 -11 -8 -1 2 15 18 19 0
1.000000000000 -20 19 0
1.000000000000 -14 -12 -3 4 9 13 19 0
1.000000000000 -18 -17 -1 7 16 19 0
1.000000000000 -18 -8 -7 5 9 19 20 0
1.000000000000 -3 0
1.000000000000 -19 -2 13 14 0
1.000000000000 -11 -7 2 3 0
1.000000000000 -19 3 9 13 14 20 0
1.000000000000 -12 -7 -5 -1 0
1.000000000000 -17 -12 -11 -8 -1 2 15 18 19 0
1.000000000000 -20 19 0
1.000000000000 -14 -12 -3 4 9 13 19 0
1.000000000000 -18 -17 -1 7 16 19 0
1.000000000000 -18 -8 -7 5 9 19 20 0
1.000000000000 -3 0
